n r s m
7 4 1 4
U
2,4911612490114 2,4911612490114 2,4911612490114 2,4911612490114 
2,4911612490114 2,4911612490114 2,4911612490114 2,4911612490114 
2,4911612490114 2,4911612490114 2,4911612490114 2,4911612490114 
2,4911612490114 2,4911612490114 2,4911612490114 2,4911612490114 
V
0,0196399059771229 
0,0196399059771229 
0,0196399059771229 
0,0196399059771229 
W
-0,500421892460174 -0,500421892460174 -0,500421892460174 -0,500421892460174 
2,96439387504748E-323 2,96439387504748E-323 2,96439387504748E-323 2,96439387504748E-323 
-0,0102115559650683 -0,0102115559650683 -0,0102115559650683 -0,0102115559650683 
-0,671394725052823 -0,671394725052823 -0,671394725052823 -0,671394725052823 
a
2,53855737120787 2,53855737120787 2,53855737120787 2,53855737120787 
b
-0,183309402881946 2,96439387504748E-323 -0,126886058643444 -0,581013158903484 
